x	Alabama	Alaska	Alberta	Antarctic_Continent	Arabian_Peninsula	Arizona	Arkansas	Australia	Brazil	British_Columbia	California	Caribbean	Caucasus	China	Colorado	Connecticut	Delaware	District_of_Columbia	East_Europe	East_Tropical_Africa	Eastern_Asia	Eastern_Canada	Florida	Georgia	Hawaii	Idaho	Illinois	Indian_Subcontinent	Indiana	Indo.China	Iowa	Kansas	Kentucky	Louisiana	Macaronesia	Maine	Malesia	Manitoba	Maryland	Massachusetts	Mesoamerica	Michigan	Middle_Asia	Middle_Atlantic_Ocean	Middle_Europe	Minnesota	Mississippi	Missouri	Mongolia	Montana	Nebraska	Nevada	New_Brunswick	New_Hampshire	New_Jersey	New_Mexico	New_York	New_Zealand	Newfoundland	North_Carolina	North_Dakota	North_Indian_Ocean	North.Central_Pacific	Northeast_Tropical_Africa	Northern_Africa	Northern_Europe	Northern_Mexico	Northern_South_America	Northwest_Territory	Northwestern_Pacific	Nova_Scotia	Nunavut	Ohio	Oklahoma	Ontario	Oregon	Pennsylvania	Prince_Edward_Island	Quebec	Rhode_Island	Russian_Far_East	Saskatchewan	Siberia	South_Carolina	South_Dakota	South_Tropical_Africa	South.Central_Pacific	Southeastern_Europe	Southern_Africa	Southern_Mexico	Southern_South_America	Southwestern_Europe	Southwestern_Pacific	Subantarctic_Islands	Subarctic_America	Tennessee	Texas	Utah	Vermont	Virginia	Washington	West.Central_Tropical_Africa	West_Tropical_Africa	West_Virginia	Western_Asia	Western_Indian_Ocean	Western_South_America	Wisconsin	Wyoming	Yukon_Territory
Alabama	0	0	0	1	1	0	0	1	1	0	0	1	1	1	0	0	0	0	1	1	1	0	0	0	1	0	0	1	0	1	0	0	0	0	1	0	1	0	0	0	1	0	1	1	1	0	0	0	1	0	0	0	0	0	0	0	0	1	0	1	0	0	1	1	1	1	0	1	0	1	0	0	0	0	0	0	0	0	0	0	1	0	1	1	0	0	1	1	1	1	1	1	1	1	0	0	0	0	0	0	0	1	1	0	1	1	1	0	0	0
Alaska	0	0	0	1	1	0	0	1	1	0	0	1	1	1	0	0	0	0	1	1	1	0	0	0	1	0	0	1	0	1	0	0	0	0	1	0	1	0	0	0	1	0	1	1	1	0	0	0	1	0	0	0	0	0	0	0	0	1	0	1	0	0	1	1	1	1	0	1	0	1	0	0	0	0	0	0	0	0	0	0	1	0	1	1	0	0	1	1	1	1	1	1	1	1	0	0	0	0	0	0	0	1	1	0	1	1	1	0	0	0
Alberta	0	0	0	1	1	0	0	1	1	0	0	1	1	1	0	0	0	0	1	1	1	0	0	0	1	0	0	1	0	1	0	0	0	0	1	0	1	0	0	0	1	0	1	1	1	0	0	0	1	0	0	0	0	0	0	0	0	1	0	1	0	0	1	1	1	1	0	1	0	1	0	0	0	0	0	0	0	0	0	0	1	0	1	1	0	0	1	1	1	1	1	1	1	1	0	0	0	0	0	0	0	1	1	0	1	1	1	0	0	0
Antarctic_Continent	1	1	1	0	1	1	1	1	1	1	1	1	1	1	1	1	1	1	1	1	1	1	1	1	1	1	1	1	1	1	1	1	1	1	1	1	1	1	1	1	1	1	1	1	1	1	1	1	1	1	1	1	1	1	1	1	1	1	1	1	1	1	1	1	1	1	1	1	1	1	1	1	1	1	1	1	1	1	1	1	1	1	1	1	1	1	1	1	1	1	1	1	1	0	1	1	1	1	1	1	1	1	1	1	1	1	1	1	1	1
Arabian_Peninsula	1	1	1	1	0	1	1	1	1	1	1	1	0	0	1	1	1	1	0	1	0	1	1	1	1	1	1	1	1	1	1	1	1	1	0	1	1	1	1	1	1	1	0	1	0	1	1	1	0	1	1	1	1	1	1	1	1	1	1	1	1	1	1	1	0	0	1	1	1	1	1	1	1	1	1	1	1	1	1	1	0	1	0	1	1	1	1	0	1	1	1	0	1	1	1	1	1	1	1	1	1	1	1	1	0	1	1	1	1	1
Arizona	0	0	0	1	1	0	0	1	1	0	0	1	1	1	0	0	0	0	1	1	1	0	0	0	1	0	0	1	0	1	0	0	0	0	1	0	1	0	0	0	1	0	1	1	1	0	0	0	1	0	0	0	0	0	0	0	0	1	0	1	0	0	1	1	1	1	0	1	0	1	0	0	0	0	0	0	0	0	0	0	1	0	1	1	0	0	1	1	1	1	1	1	1	1	0	0	0	0	0	0	0	1	1	0	1	1	1	0	0	0
Arkansas	0	0	0	1	1	0	0	1	1	0	0	1	1	1	0	0	0	0	1	1	1	0	0	0	1	0	0	1	0	1	0	0	0	0	1	0	1	0	0	0	1	0	1	1	1	0	0	0	1	0	0	0	0	0	0	0	0	1	0	1	0	0	1	1	1	1	0	1	0	1	0	0	0	0	0	0	0	0	0	0	1	0	1	1	0	0	1	1	1	1	1	1	1	1	0	0	0	0	0	0	0	1	1	0	1	1	1	0	0	0
Australia	1	1	1	1	1	1	1	0	1	1	1	1	1	1	1	1	1	1	1	1	1	1	1	1	0	1	1	1	1	1	1	1	1	1	1	1	0	1	1	1	1	1	1	1	1	1	1	1	1	1	1	1	1	1	1	1	1	0	1	0	1	1	1	1	1	1	1	1	1	0	1	1	1	1	1	1	1	1	1	1	1	1	1	0	1	1	1	1	1	1	1	1	0	1	1	1	1	1	1	1	1	1	1	1	1	1	1	1	1	1
Brazil	1	1	1	1	1	1	1	1	0	1	1	0	1	1	1	1	1	1	1	1	1	1	1	1	1	1	1	1	1	1	1	1	1	1	1	1	1	1	1	1	0	1	1	1	1	1	1	1	1	1	1	1	1	1	1	1	1	1	1	1	1	1	1	1	1	1	1	0	1	1	1	1	1	1	1	1	1	1	1	1	1	1	1	1	1	1	1	1	1	0	0	1	1	1	1	1	1	1	1	1	1	1	1	1	1	1	0	1	1	1
British_Columbia	0	0	0	1	1	0	0	1	1	0	0	1	1	1	0	0	0	0	1	1	1	0	0	0	1	0	0	1	0	1	0	0	0	0	1	0	1	0	0	0	1	0	1	1	1	0	0	0	1	0	0	0	0	0	0	0	0	1	0	1	0	0	1	1	1	1	0	1	0	1	0	0	0	0	0	0	0	0	0	0	1	0	1	1	0	0	1	1	1	1	1	1	1	1	0	0	0	0	0	0	0	1	1	0	1	1	1	0	0	0
California	0	0	0	1	1	0	0	1	1	0	0	1	1	1	0	0	0	0	1	1	1	0	0	0	1	0	0	1	0	1	0	0	0	0	1	0	1	0	0	0	1	0	1	1	1	0	0	0	1	0	0	0	0	0	0	0	0	1	0	1	0	0	1	1	1	1	0	1	0	1	0	0	0	0	0	0	0	0	0	0	1	0	1	1	0	0	1	1	1	1	1	1	1	1	0	0	0	0	0	0	0	1	1	0	1	1	1	0	0	0
Caribbean	1	1	1	1	1	1	1	1	0	1	1	0	1	1	1	1	1	1	1	1	1	1	1	1	1	1	1	1	1	1	1	1	1	1	1	1	1	1	1	1	0	1	1	1	1	1	1	1	1	1	1	1	1	1	1	1	1	1	1	1	1	1	1	1	1	1	1	0	1	1	1	1	1	1	1	1	1	1	1	1	1	1	1	1	1	1	1	1	1	0	0	1	1	1	1	1	1	1	1	1	1	1	1	1	1	1	0	1	1	1
Caucasus	1	1	1	1	0	1	1	1	1	1	1	1	0	0	1	1	1	1	0	1	0	1	1	1	1	1	1	1	1	1	1	1	1	1	0	1	1	1	1	1	1	1	0	1	0	1	1	1	0	1	1	1	1	1	1	1	1	1	1	1	1	1	1	1	0	0	1	1	1	1	1	1	1	1	1	1	1	1	1	1	0	1	0	1	1	1	1	0	1	1	1	0	1	1	1	1	1	1	1	1	1	1	1	1	0	1	1	1	1	1
China	1	1	1	1	0	1	1	1	1	1	1	1	0	0	1	1	1	1	0	1	0	1	1	1	1	1	1	1	1	1	1	1	1	1	0	1	1	1	1	1	1	1	0	1	0	1	1	1	0	1	1	1	1	1	1	1	1	1	1	1	1	1	1	1	0	0	1	1	1	1	1	1	1	1	1	1	1	1	1	1	0	1	0	1	1	1	1	0	1	1	1	0	1	1	1	1	1	1	1	1	1	1	1	1	0	1	1	1	1	1
Colorado	0	0	0	1	1	0	0	1	1	0	0	1	1	1	0	0	0	0	1	1	1	0	0	0	1	0	0	1	0	1	0	0	0	0	1	0	1	0	0	0	1	0	1	1	1	0	0	0	1	0	0	0	0	0	0	0	0	1	0	1	0	0	1	1	1	1	0	1	0	1	0	0	0	0	0	0	0	0	0	0	1	0	1	1	0	0	1	1	1	1	1	1	1	1	0	0	0	0	0	0	0	1	1	0	1	1	1	0	0	0
Connecticut	0	0	0	1	1	0	0	1	1	0	0	1	1	1	0	0	0	0	1	1	1	0	0	0	1	0	0	1	0	1	0	0	0	0	1	0	1	0	0	0	1	0	1	1	1	0	0	0	1	0	0	0	0	0	0	0	0	1	0	1	0	0	1	1	1	1	0	1	0	1	0	0	0	0	0	0	0	0	0	0	1	0	1	1	0	0	1	1	1	1	1	1	1	1	0	0	0	0	0	0	0	1	1	0	1	1	1	0	0	0
Delaware	0	0	0	1	1	0	0	1	1	0	0	1	1	1	0	0	0	0	1	1	1	0	0	0	1	0	0	1	0	1	0	0	0	0	1	0	1	0	0	0	1	0	1	1	1	0	0	0	1	0	0	0	0	0	0	0	0	1	0	1	0	0	1	1	1	1	0	1	0	1	0	0	0	0	0	0	0	0	0	0	1	0	1	1	0	0	1	1	1	1	1	1	1	1	0	0	0	0	0	0	0	1	1	0	1	1	1	0	0	0
District_of_Columbia	0	0	0	1	1	0	0	1	1	0	0	1	1	1	0	0	0	0	1	1	1	0	0	0	1	0	0	1	0	1	0	0	0	0	1	0	1	0	0	0	1	0	1	1	1	0	0	0	1	0	0	0	0	0	0	0	0	1	0	1	0	0	1	1	1	1	0	1	0	1	0	0	0	0	0	0	0	0	0	0	1	0	1	1	0	0	1	1	1	1	1	1	1	1	0	0	0	0	0	0	0	1	1	0	1	1	1	0	0	0
East_Europe	1	1	1	1	0	1	1	1	1	1	1	1	0	0	1	1	1	1	0	1	0	1	1	1	1	1	1	1	1	1	1	1	1	1	0	1	1	1	1	1	1	1	0	1	0	1	1	1	0	1	1	1	1	1	1	1	1	1	1	1	1	1	1	1	0	0	1	1	1	1	1	1	1	1	1	1	1	1	1	1	0	1	0	1	1	1	1	0	1	1	1	0	1	1	1	1	1	1	1	1	1	1	1	1	0	1	1	1	1	1
East_Tropical_Africa	1	1	1	1	1	1	1	1	1	1	1	1	1	1	1	1	1	1	1	0	1	1	1	1	1	1	1	1	1	1	1	1	1	1	1	1	1	1	1	1	1	1	1	0	1	1	1	1	1	1	1	1	1	1	1	1	1	1	1	1	1	1	1	0	1	1	1	1	1	1	1	1	1	1	1	1	1	1	1	1	1	1	1	1	1	1	0	1	0	1	1	1	1	1	1	1	1	1	1	1	1	0	0	1	1	0	1	1	1	1
Eastern_Asia	1	1	1	1	0	1	1	1	1	1	1	1	0	0	1	1	1	1	0	1	0	1	1	1	1	1	1	1	1	1	1	1	1	1	0	1	1	1	1	1	1	1	0	1	0	1	1	1	0	1	1	1	1	1	1	1	1	1	1	1	1	1	1	1	0	0	1	1	1	1	1	1	1	1	1	1	1	1	1	1	0	1	0	1	1	1	1	0	1	1	1	0	1	1	1	1	1	1	1	1	1	1	1	1	0	1	1	1	1	1
Eastern_Canada	0	0	0	1	1	0	0	1	1	0	0	1	1	1	0	0	0	0	1	1	1	0	0	0	1	0	0	1	0	1	0	0	0	0	1	0	1	0	0	0	1	0	1	1	1	0	0	0	1	0	0	0	0	0	0	0	0	1	0	1	0	0	1	1	1	1	0	1	0	1	0	0	0	0	0	0	0	0	0	0	1	0	1	1	0	0	1	1	1	1	1	1	1	1	0	0	0	0	0	0	0	1	1	0	1	1	1	0	0	0
Florida	0	0	0	1	1	0	0	1	1	0	0	1	1	1	0	0	0	0	1	1	1	0	0	0	1	0	0	1	0	1	0	0	0	0	1	0	1	0	0	0	1	0	1	1	1	0	0	0	1	0	0	0	0	0	0	0	0	1	0	1	0	0	1	1	1	1	0	1	0	1	0	0	0	0	0	0	0	0	0	0	1	0	1	1	0	0	1	1	1	1	1	1	1	1	0	0	0	0	0	0	0	1	1	0	1	1	1	0	0	0
Georgia	0	0	0	1	1	0	0	1	1	0	0	1	1	1	0	0	0	0	1	1	1	0	0	0	1	0	0	1	0	1	0	0	0	0	1	0	1	0	0	0	1	0	1	1	1	0	0	0	1	0	0	0	0	0	0	0	0	1	0	1	0	0	1	1	1	1	0	1	0	1	0	0	0	0	0	0	0	0	0	0	1	0	1	1	0	0	1	1	1	1	1	1	1	1	0	0	0	0	0	0	0	1	1	0	1	1	1	0	0	0
Hawaii	1	1	1	1	1	1	1	0	1	1	1	1	1	1	1	1	1	1	1	1	1	1	1	1	0	1	1	1	1	1	1	1	1	1	1	1	0	1	1	1	1	1	1	1	1	1	1	1	1	1	1	1	1	1	1	1	1	0	1	0	1	1	1	1	1	1	1	1	1	0	1	1	1	1	1	1	1	1	1	1	1	1	1	0	1	1	1	1	1	1	1	1	0	1	1	1	1	1	1	1	1	1	1	1	1	1	1	1	1	1
Idaho	0	0	0	1	1	0	0	1	1	0	0	1	1	1	0	0	0	0	1	1	1	0	0	0	1	0	0	1	0	1	0	0	0	0	1	0	1	0	0	0	1	0	1	1	1	0	0	0	1	0	0	0	0	0	0	0	0	1	0	1	0	0	1	1	1	1	0	1	0	1	0	0	0	0	0	0	0	0	0	0	1	0	1	1	0	0	1	1	1	1	1	1	1	1	0	0	0	0	0	0	0	1	1	0	1	1	1	0	0	0
Illinois	0	0	0	1	1	0	0	1	1	0	0	1	1	1	0	0	0	0	1	1	1	0	0	0	1	0	0	1	0	1	0	0	0	0	1	0	1	0	0	0	1	0	1	1	1	0	0	0	1	0	0	0	0	0	0	0	0	1	0	1	0	0	1	1	1	1	0	1	0	1	0	0	0	0	0	0	0	0	0	0	1	0	1	1	0	0	1	1	1	1	1	1	1	1	0	0	0	0	0	0	0	1	1	0	1	1	1	0	0	0
Indian_Subcontinent	1	1	1	1	1	1	1	1	1	1	1	1	1	1	1	1	1	1	1	1	1	1	1	1	1	1	1	0	1	0	1	1	1	1	1	1	1	1	1	1	1	1	1	1	1	1	1	1	1	1	1	1	1	1	1	1	1	1	1	1	1	1	0	1	1	1	1	1	1	1	1	1	1	1	1	1	1	1	1	1	1	1	1	1	1	1	1	1	1	1	1	1	1	1	1	1	1	1	1	1	1	1	1	1	1	1	1	1	1	1
Indiana	0	0	0	1	1	0	0	1	1	0	0	1	1	1	0	0	0	0	1	1	1	0	0	0	1	0	0	1	0	1	0	0	0	0	1	0	1	0	0	0	1	0	1	1	1	0	0	0	1	0	0	0	0	0	0	0	0	1	0	1	0	0	1	1	1	1	0	1	0	1	0	0	0	0	0	0	0	0	0	0	1	0	1	1	0	0	1	1	1	1	1	1	1	1	0	0	0	0	0	0	0	1	1	0	1	1	1	0	0	0
Indo.China	1	1	1	1	1	1	1	1	1	1	1	1	1	1	1	1	1	1	1	1	1	1	1	1	1	1	1	0	1	0	1	1	1	1	1	1	1	1	1	1	1	1	1	1	1	1	1	1	1	1	1	1	1	1	1	1	1	1	1	1	1	1	0	1	1	1	1	1	1	1	1	1	1	1	1	1	1	1	1	1	1	1	1	1	1	1	1	1	1	1	1	1	1	1	1	1	1	1	1	1	1	1	1	1	1	1	1	1	1	1
Iowa	0	0	0	1	1	0	0	1	1	0	0	1	1	1	0	0	0	0	1	1	1	0	0	0	1	0	0	1	0	1	0	0	0	0	1	0	1	0	0	0	1	0	1	1	1	0	0	0	1	0	0	0	0	0	0	0	0	1	0	1	0	0	1	1	1	1	0	1	0	1	0	0	0	0	0	0	0	0	0	0	1	0	1	1	0	0	1	1	1	1	1	1	1	1	0	0	0	0	0	0	0	1	1	0	1	1	1	0	0	0
Kansas	0	0	0	1	1	0	0	1	1	0	0	1	1	1	0	0	0	0	1	1	1	0	0	0	1	0	0	1	0	1	0	0	0	0	1	0	1	0	0	0	1	0	1	1	1	0	0	0	1	0	0	0	0	0	0	0	0	1	0	1	0	0	1	1	1	1	0	1	0	1	0	0	0	0	0	0	0	0	0	0	1	0	1	1	0	0	1	1	1	1	1	1	1	1	0	0	0	0	0	0	0	1	1	0	1	1	1	0	0	0
Kentucky	0	0	0	1	1	0	0	1	1	0	0	1	1	1	0	0	0	0	1	1	1	0	0	0	1	0	0	1	0	1	0	0	0	0	1	0	1	0	0	0	1	0	1	1	1	0	0	0	1	0	0	0	0	0	0	0	0	1	0	1	0	0	1	1	1	1	0	1	0	1	0	0	0	0	0	0	0	0	0	0	1	0	1	1	0	0	1	1	1	1	1	1	1	1	0	0	0	0	0	0	0	1	1	0	1	1	1	0	0	0
Louisiana	0	0	0	1	1	0	0	1	1	0	0	1	1	1	0	0	0	0	1	1	1	0	0	0	1	0	0	1	0	1	0	0	0	0	1	0	1	0	0	0	1	0	1	1	1	0	0	0	1	0	0	0	0	0	0	0	0	1	0	1	0	0	1	1	1	1	0	1	0	1	0	0	0	0	0	0	0	0	0	0	1	0	1	1	0	0	1	1	1	1	1	1	1	1	0	0	0	0	0	0	0	1	1	0	1	1	1	0	0	0
Macaronesia	1	1	1	1	0	1	1	1	1	1	1	1	0	0	1	1	1	1	0	1	0	1	1	1	1	1	1	1	1	1	1	1	1	1	0	1	1	1	1	1	1	1	0	1	0	1	1	1	0	1	1	1	1	1	1	1	1	1	1	1	1	1	1	1	0	0	1	1	1	1	1	1	1	1	1	1	1	1	1	1	0	1	0	1	1	1	1	0	1	1	1	0	1	1	1	1	1	1	1	1	1	1	1	1	0	1	1	1	1	1
Maine	0	0	0	1	1	0	0	1	1	0	0	1	1	1	0	0	0	0	1	1	1	0	0	0	1	0	0	1	0	1	0	0	0	0	1	0	1	0	0	0	1	0	1	1	1	0	0	0	1	0	0	0	0	0	0	0	0	1	0	1	0	0	1	1	1	1	0	1	0	1	0	0	0	0	0	0	0	0	0	0	1	0	1	1	0	0	1	1	1	1	1	1	1	1	0	0	0	0	0	0	0	1	1	0	1	1	1	0	0	0
Malesia	1	1	1	1	1	1	1	0	1	1	1	1	1	1	1	1	1	1	1	1	1	1	1	1	0	1	1	1	1	1	1	1	1	1	1	1	0	1	1	1	1	1	1	1	1	1	1	1	1	1	1	1	1	1	1	1	1	0	1	0	1	1	1	1	1	1	1	1	1	0	1	1	1	1	1	1	1	1	1	1	1	1	1	0	1	1	1	1	1	1	1	1	0	1	1	1	1	1	1	1	1	1	1	1	1	1	1	1	1	1
Manitoba	0	0	0	1	1	0	0	1	1	0	0	1	1	1	0	0	0	0	1	1	1	0	0	0	1	0	0	1	0	1	0	0	0	0	1	0	1	0	0	0	1	0	1	1	1	0	0	0	1	0	0	0	0	0	0	0	0	1	0	1	0	0	1	1	1	1	0	1	0	1	0	0	0	0	0	0	0	0	0	0	1	0	1	1	0	0	1	1	1	1	1	1	1	1	0	0	0	0	0	0	0	1	1	0	1	1	1	0	0	0
Maryland	0	0	0	1	1	0	0	1	1	0	0	1	1	1	0	0	0	0	1	1	1	0	0	0	1	0	0	1	0	1	0	0	0	0	1	0	1	0	0	0	1	0	1	1	1	0	0	0	1	0	0	0	0	0	0	0	0	1	0	1	0	0	1	1	1	1	0	1	0	1	0	0	0	0	0	0	0	0	0	0	1	0	1	1	0	0	1	1	1	1	1	1	1	1	0	0	0	0	0	0	0	1	1	0	1	1	1	0	0	0
Massachusetts	0	0	0	1	1	0	0	1	1	0	0	1	1	1	0	0	0	0	1	1	1	0	0	0	1	0	0	1	0	1	0	0	0	0	1	0	1	0	0	0	1	0	1	1	1	0	0	0	1	0	0	0	0	0	0	0	0	1	0	1	0	0	1	1	1	1	0	1	0	1	0	0	0	0	0	0	0	0	0	0	1	0	1	1	0	0	1	1	1	1	1	1	1	1	0	0	0	0	0	0	0	1	1	0	1	1	1	0	0	0
Mesoamerica	1	1	1	1	1	1	1	1	0	1	1	0	1	1	1	1	1	1	1	1	1	1	1	1	1	1	1	1	1	1	1	1	1	1	1	1	1	1	1	1	0	1	1	1	1	1	1	1	1	1	1	1	1	1	1	1	1	1	1	1	1	1	1	1	1	1	1	0	1	1	1	1	1	1	1	1	1	1	1	1	1	1	1	1	1	1	1	1	1	0	0	1	1	1	1	1	1	1	1	1	1	1	1	1	1	1	0	1	1	1
Michigan	0	0	0	1	1	0	0	1	1	0	0	1	1	1	0	0	0	0	1	1	1	0	0	0	1	0	0	1	0	1	0	0	0	0	1	0	1	0	0	0	1	0	1	1	1	0	0	0	1	0	0	0	0	0	0	0	0	1	0	1	0	0	1	1	1	1	0	1	0	1	0	0	0	0	0	0	0	0	0	0	1	0	1	1	0	0	1	1	1	1	1	1	1	1	0	0	0	0	0	0	0	1	1	0	1	1	1	0	0	0
Middle_Asia	1	1	1	1	0	1	1	1	1	1	1	1	0	0	1	1	1	1	0	1	0	1	1	1	1	1	1	1	1	1	1	1	1	1	0	1	1	1	1	1	1	1	0	1	0	1	1	1	0	1	1	1	1	1	1	1	1	1	1	1	1	1	1	1	0	0	1	1	1	1	1	1	1	1	1	1	1	1	1	1	0	1	0	1	1	1	1	0	1	1	1	0	1	1	1	1	1	1	1	1	1	1	1	1	0	1	1	1	1	1
Middle_Atlantic_Ocean	1	1	1	1	1	1	1	1	1	1	1	1	1	1	1	1	1	1	1	0	1	1	1	1	1	1	1	1	1	1	1	1	1	1	1	1	1	1	1	1	1	1	1	0	1	1	1	1	1	1	1	1	1	1	1	1	1	1	1	1	1	1	1	0	1	1	1	1	1	1	1	1	1	1	1	1	1	1	1	1	1	1	1	1	1	1	0	1	0	1	1	1	1	1	1	1	1	1	1	1	1	0	0	1	1	0	1	1	1	1
Middle_Europe	1	1	1	1	0	1	1	1	1	1	1	1	0	0	1	1	1	1	0	1	0	1	1	1	1	1	1	1	1	1	1	1	1	1	0	1	1	1	1	1	1	1	0	1	0	1	1	1	0	1	1	1	1	1	1	1	1	1	1	1	1	1	1	1	0	0	1	1	1	1	1	1	1	1	1	1	1	1	1	1	0	1	0	1	1	1	1	0	1	1	1	0	1	1	1	1	1	1	1	1	1	1	1	1	0	1	1	1	1	1
Minnesota	0	0	0	1	1	0	0	1	1	0	0	1	1	1	0	0	0	0	1	1	1	0	0	0	1	0	0	1	0	1	0	0	0	0	1	0	1	0	0	0	1	0	1	1	1	0	0	0	1	0	0	0	0	0	0	0	0	1	0	1	0	0	1	1	1	1	0	1	0	1	0	0	0	0	0	0	0	0	0	0	1	0	1	1	0	0	1	1	1	1	1	1	1	1	0	0	0	0	0	0	0	1	1	0	1	1	1	0	0	0
Mississippi	0	0	0	1	1	0	0	1	1	0	0	1	1	1	0	0	0	0	1	1	1	0	0	0	1	0	0	1	0	1	0	0	0	0	1	0	1	0	0	0	1	0	1	1	1	0	0	0	1	0	0	0	0	0	0	0	0	1	0	1	0	0	1	1	1	1	0	1	0	1	0	0	0	0	0	0	0	0	0	0	1	0	1	1	0	0	1	1	1	1	1	1	1	1	0	0	0	0	0	0	0	1	1	0	1	1	1	0	0	0
Missouri	0	0	0	1	1	0	0	1	1	0	0	1	1	1	0	0	0	0	1	1	1	0	0	0	1	0	0	1	0	1	0	0	0	0	1	0	1	0	0	0	1	0	1	1	1	0	0	0	1	0	0	0	0	0	0	0	0	1	0	1	0	0	1	1	1	1	0	1	0	1	0	0	0	0	0	0	0	0	0	0	1	0	1	1	0	0	1	1	1	1	1	1	1	1	0	0	0	0	0	0	0	1	1	0	1	1	1	0	0	0
Mongolia	1	1	1	1	0	1	1	1	1	1	1	1	0	0	1	1	1	1	0	1	0	1	1	1	1	1	1	1	1	1	1	1	1	1	0	1	1	1	1	1	1	1	0	1	0	1	1	1	0	1	1	1	1	1	1	1	1	1	1	1	1	1	1	1	0	0	1	1	1	1	1	1	1	1	1	1	1	1	1	1	0	1	0	1	1	1	1	0	1	1	1	0	1	1	1	1	1	1	1	1	1	1	1	1	0	1	1	1	1	1
Montana	0	0	0	1	1	0	0	1	1	0	0	1	1	1	0	0	0	0	1	1	1	0	0	0	1	0	0	1	0	1	0	0	0	0	1	0	1	0	0	0	1	0	1	1	1	0	0	0	1	0	0	0	0	0	0	0	0	1	0	1	0	0	1	1	1	1	0	1	0	1	0	0	0	0	0	0	0	0	0	0	1	0	1	1	0	0	1	1	1	1	1	1	1	1	0	0	0	0	0	0	0	1	1	0	1	1	1	0	0	0
Nebraska	0	0	0	1	1	0	0	1	1	0	0	1	1	1	0	0	0	0	1	1	1	0	0	0	1	0	0	1	0	1	0	0	0	0	1	0	1	0	0	0	1	0	1	1	1	0	0	0	1	0	0	0	0	0	0	0	0	1	0	1	0	0	1	1	1	1	0	1	0	1	0	0	0	0	0	0	0	0	0	0	1	0	1	1	0	0	1	1	1	1	1	1	1	1	0	0	0	0	0	0	0	1	1	0	1	1	1	0	0	0
Nevada	0	0	0	1	1	0	0	1	1	0	0	1	1	1	0	0	0	0	1	1	1	0	0	0	1	0	0	1	0	1	0	0	0	0	1	0	1	0	0	0	1	0	1	1	1	0	0	0	1	0	0	0	0	0	0	0	0	1	0	1	0	0	1	1	1	1	0	1	0	1	0	0	0	0	0	0	0	0	0	0	1	0	1	1	0	0	1	1	1	1	1	1	1	1	0	0	0	0	0	0	0	1	1	0	1	1	1	0	0	0
New_Brunswick	0	0	0	1	1	0	0	1	1	0	0	1	1	1	0	0	0	0	1	1	1	0	0	0	1	0	0	1	0	1	0	0	0	0	1	0	1	0	0	0	1	0	1	1	1	0	0	0	1	0	0	0	0	0	0	0	0	1	0	1	0	0	1	1	1	1	0	1	0	1	0	0	0	0	0	0	0	0	0	0	1	0	1	1	0	0	1	1	1	1	1	1	1	1	0	0	0	0	0	0	0	1	1	0	1	1	1	0	0	0
New_Hampshire	0	0	0	1	1	0	0	1	1	0	0	1	1	1	0	0	0	0	1	1	1	0	0	0	1	0	0	1	0	1	0	0	0	0	1	0	1	0	0	0	1	0	1	1	1	0	0	0	1	0	0	0	0	0	0	0	0	1	0	1	0	0	1	1	1	1	0	1	0	1	0	0	0	0	0	0	0	0	0	0	1	0	1	1	0	0	1	1	1	1	1	1	1	1	0	0	0	0	0	0	0	1	1	0	1	1	1	0	0	0
New_Jersey	0	0	0	1	1	0	0	1	1	0	0	1	1	1	0	0	0	0	1	1	1	0	0	0	1	0	0	1	0	1	0	0	0	0	1	0	1	0	0	0	1	0	1	1	1	0	0	0	1	0	0	0	0	0	0	0	0	1	0	1	0	0	1	1	1	1	0	1	0	1	0	0	0	0	0	0	0	0	0	0	1	0	1	1	0	0	1	1	1	1	1	1	1	1	0	0	0	0	0	0	0	1	1	0	1	1	1	0	0	0
New_Mexico	0	0	0	1	1	0	0	1	1	0	0	1	1	1	0	0	0	0	1	1	1	0	0	0	1	0	0	1	0	1	0	0	0	0	1	0	1	0	0	0	1	0	1	1	1	0	0	0	1	0	0	0	0	0	0	0	0	1	0	1	0	0	1	1	1	1	0	1	0	1	0	0	0	0	0	0	0	0	0	0	1	0	1	1	0	0	1	1	1	1	1	1	1	1	0	0	0	0	0	0	0	1	1	0	1	1	1	0	0	0
New_York	0	0	0	1	1	0	0	1	1	0	0	1	1	1	0	0	0	0	1	1	1	0	0	0	1	0	0	1	0	1	0	0	0	0	1	0	1	0	0	0	1	0	1	1	1	0	0	0	1	0	0	0	0	0	0	0	0	1	0	1	0	0	1	1	1	1	0	1	0	1	0	0	0	0	0	0	0	0	0	0	1	0	1	1	0	0	1	1	1	1	1	1	1	1	0	0	0	0	0	0	0	1	1	0	1	1	1	0	0	0
New_Zealand	1	1	1	1	1	1	1	0	1	1	1	1	1	1	1	1	1	1	1	1	1	1	1	1	0	1	1	1	1	1	1	1	1	1	1	1	0	1	1	1	1	1	1	1	1	1	1	1	1	1	1	1	1	1	1	1	1	0	1	0	1	1	1	1	1	1	1	1	1	0	1	1	1	1	1	1	1	1	1	1	1	1	1	0	1	1	1	1	1	1	1	1	0	1	1	1	1	1	1	1	1	1	1	1	1	1	1	1	1	1
Newfoundland	0	0	0	1	1	0	0	1	1	0	0	1	1	1	0	0	0	0	1	1	1	0	0	0	1	0	0	1	0	1	0	0	0	0	1	0	1	0	0	0	1	0	1	1	1	0	0	0	1	0	0	0	0	0	0	0	0	1	0	1	0	0	1	1	1	1	0	1	0	1	0	0	0	0	0	0	0	0	0	0	1	0	1	1	0	0	1	1	1	1	1	1	1	1	0	0	0	0	0	0	0	1	1	0	1	1	1	0	0	0
North.Central_Pacific	1	1	1	1	1	1	1	0	1	1	1	1	1	1	1	1	1	1	1	1	1	1	1	1	0	1	1	1	1	1	1	1	1	1	1	1	0	1	1	1	1	1	1	1	1	1	1	1	1	1	1	1	1	1	1	1	1	0	1	0	1	1	1	1	1	1	1	1	1	0	1	1	1	1	1	1	1	1	1	1	1	1	1	0	1	1	1	1	1	1	1	1	0	1	1	1	1	1	1	1	1	1	1	1	1	1	1	1	1	1
North_Carolina	0	0	0	1	1	0	0	1	1	0	0	1	1	1	0	0	0	0	1	1	1	0	0	0	1	0	0	1	0	1	0	0	0	0	1	0	1	0	0	0	1	0	1	1	1	0	0	0	1	0	0	0	0	0	0	0	0	1	0	1	0	0	1	1	1	1	0	1	0	1	0	0	0	0	0	0	0	0	0	0	1	0	1	1	0	0	1	1	1	1	1	1	1	1	0	0	0	0	0	0	0	1	1	0	1	1	1	0	0	0
North_Dakota	0	0	0	1	1	0	0	1	1	0	0	1	1	1	0	0	0	0	1	1	1	0	0	0	1	0	0	1	0	1	0	0	0	0	1	0	1	0	0	0	1	0	1	1	1	0	0	0	1	0	0	0	0	0	0	0	0	1	0	1	0	0	1	1	1	1	0	1	0	1	0	0	0	0	0	0	0	0	0	0	1	0	1	1	0	0	1	1	1	1	1	1	1	1	0	0	0	0	0	0	0	1	1	0	1	1	1	0	0	0
North_Indian_Ocean	1	1	1	1	1	1	1	1	1	1	1	1	1	1	1	1	1	1	1	1	1	1	1	1	1	1	1	0	1	0	1	1	1	1	1	1	1	1	1	1	1	1	1	1	1	1	1	1	1	1	1	1	1	1	1	1	1	1	1	1	1	1	0	1	1	1	1	1	1	1	1	1	1	1	1	1	1	1	1	1	1	1	1	1	1	1	1	1	1	1	1	1	1	1	1	1	1	1	1	1	1	1	1	1	1	1	1	1	1	1
Northeast_Tropical_Africa	1	1	1	1	1	1	1	1	1	1	1	1	1	1	1	1	1	1	1	0	1	1	1	1	1	1	1	1	1	1	1	1	1	1	1	1	1	1	1	1	1	1	1	0	1	1	1	1	1	1	1	1	1	1	1	1	1	1	1	1	1	1	1	0	1	1	1	1	1	1	1	1	1	1	1	1	1	1	1	1	1	1	1	1	1	1	0	1	0	1	1	1	1	1	1	1	1	1	1	1	1	0	0	1	1	0	1	1	1	1
Northern_Africa	1	1	1	1	0	1	1	1	1	1	1	1	0	0	1	1	1	1	0	1	0	1	1	1	1	1	1	1	1	1	1	1	1	1	0	1	1	1	1	1	1	1	0	1	0	1	1	1	0	1	1	1	1	1	1	1	1	1	1	1	1	1	1	1	0	0	1	1	1	1	1	1	1	1	1	1	1	1	1	1	0	1	0	1	1	1	1	0	1	1	1	0	1	1	1	1	1	1	1	1	1	1	1	1	0	1	1	1	1	1
Northern_Europe	1	1	1	1	0	1	1	1	1	1	1	1	0	0	1	1	1	1	0	1	0	1	1	1	1	1	1	1	1	1	1	1	1	1	0	1	1	1	1	1	1	1	0	1	0	1	1	1	0	1	1	1	1	1	1	1	1	1	1	1	1	1	1	1	0	0	1	1	1	1	1	1	1	1	1	1	1	1	1	1	0	1	0	1	1	1	1	0	1	1	1	0	1	1	1	1	1	1	1	1	1	1	1	1	0	1	1	1	1	1
Northern_Mexico	0	0	0	1	1	0	0	1	1	0	0	1	1	1	0	0	0	0	1	1	1	0	0	0	1	0	0	1	0	1	0	0	0	0	1	0	1	0	0	0	1	0	1	1	1	0	0	0	1	0	0	0	0	0	0	0	0	1	0	1	0	0	1	1	1	1	0	1	0	1	0	0	0	0	0	0	0	0	0	0	1	0	1	1	0	0	1	1	1	1	1	1	1	1	0	0	0	0	0	0	0	1	1	0	1	1	1	0	0	0
Northern_South_America	1	1	1	1	1	1	1	1	0	1	1	0	1	1	1	1	1	1	1	1	1	1	1	1	1	1	1	1	1	1	1	1	1	1	1	1	1	1	1	1	0	1	1	1	1	1	1	1	1	1	1	1	1	1	1	1	1	1	1	1	1	1	1	1	1	1	1	0	1	1	1	1	1	1	1	1	1	1	1	1	1	1	1	1	1	1	1	1	1	0	0	1	1	1	1	1	1	1	1	1	1	1	1	1	1	1	0	1	1	1
Northwest_Territory	0	0	0	1	1	0	0	1	1	0	0	1	1	1	0	0	0	0	1	1	1	0	0	0	1	0	0	1	0	1	0	0	0	0	1	0	1	0	0	0	1	0	1	1	1	0	0	0	1	0	0	0	0	0	0	0	0	1	0	1	0	0	1	1	1	1	0	1	0	1	0	0	0	0	0	0	0	0	0	0	1	0	1	1	0	0	1	1	1	1	1	1	1	1	0	0	0	0	0	0	0	1	1	0	1	1	1	0	0	0
Northwestern_Pacific	1	1	1	1	1	1	1	0	1	1	1	1	1	1	1	1	1	1	1	1	1	1	1	1	0	1	1	1	1	1	1	1	1	1	1	1	0	1	1	1	1	1	1	1	1	1	1	1	1	1	1	1	1	1	1	1	1	0	1	0	1	1	1	1	1	1	1	1	1	0	1	1	1	1	1	1	1	1	1	1	1	1	1	0	1	1	1	1	1	1	1	1	0	1	1	1	1	1	1	1	1	1	1	1	1	1	1	1	1	1
Nova_Scotia	0	0	0	1	1	0	0	1	1	0	0	1	1	1	0	0	0	0	1	1	1	0	0	0	1	0	0	1	0	1	0	0	0	0	1	0	1	0	0	0	1	0	1	1	1	0	0	0	1	0	0	0	0	0	0	0	0	1	0	1	0	0	1	1	1	1	0	1	0	1	0	0	0	0	0	0	0	0	0	0	1	0	1	1	0	0	1	1	1	1	1	1	1	1	0	0	0	0	0	0	0	1	1	0	1	1	1	0	0	0
Nunavut	0	0	0	1	1	0	0	1	1	0	0	1	1	1	0	0	0	0	1	1	1	0	0	0	1	0	0	1	0	1	0	0	0	0	1	0	1	0	0	0	1	0	1	1	1	0	0	0	1	0	0	0	0	0	0	0	0	1	0	1	0	0	1	1	1	1	0	1	0	1	0	0	0	0	0	0	0	0	0	0	1	0	1	1	0	0	1	1	1	1	1	1	1	1	0	0	0	0	0	0	0	1	1	0	1	1	1	0	0	0
Ohio	0	0	0	1	1	0	0	1	1	0	0	1	1	1	0	0	0	0	1	1	1	0	0	0	1	0	0	1	0	1	0	0	0	0	1	0	1	0	0	0	1	0	1	1	1	0	0	0	1	0	0	0	0	0	0	0	0	1	0	1	0	0	1	1	1	1	0	1	0	1	0	0	0	0	0	0	0	0	0	0	1	0	1	1	0	0	1	1	1	1	1	1	1	1	0	0	0	0	0	0	0	1	1	0	1	1	1	0	0	0
Oklahoma	0	0	0	1	1	0	0	1	1	0	0	1	1	1	0	0	0	0	1	1	1	0	0	0	1	0	0	1	0	1	0	0	0	0	1	0	1	0	0	0	1	0	1	1	1	0	0	0	1	0	0	0	0	0	0	0	0	1	0	1	0	0	1	1	1	1	0	1	0	1	0	0	0	0	0	0	0	0	0	0	1	0	1	1	0	0	1	1	1	1	1	1	1	1	0	0	0	0	0	0	0	1	1	0	1	1	1	0	0	0
Ontario	0	0	0	1	1	0	0	1	1	0	0	1	1	1	0	0	0	0	1	1	1	0	0	0	1	0	0	1	0	1	0	0	0	0	1	0	1	0	0	0	1	0	1	1	1	0	0	0	1	0	0	0	0	0	0	0	0	1	0	1	0	0	1	1	1	1	0	1	0	1	0	0	0	0	0	0	0	0	0	0	1	0	1	1	0	0	1	1	1	1	1	1	1	1	0	0	0	0	0	0	0	1	1	0	1	1	1	0	0	0
Oregon	0	0	0	1	1	0	0	1	1	0	0	1	1	1	0	0	0	0	1	1	1	0	0	0	1	0	0	1	0	1	0	0	0	0	1	0	1	0	0	0	1	0	1	1	1	0	0	0	1	0	0	0	0	0	0	0	0	1	0	1	0	0	1	1	1	1	0	1	0	1	0	0	0	0	0	0	0	0	0	0	1	0	1	1	0	0	1	1	1	1	1	1	1	1	0	0	0	0	0	0	0	1	1	0	1	1	1	0	0	0
Pennsylvania	0	0	0	1	1	0	0	1	1	0	0	1	1	1	0	0	0	0	1	1	1	0	0	0	1	0	0	1	0	1	0	0	0	0	1	0	1	0	0	0	1	0	1	1	1	0	0	0	1	0	0	0	0	0	0	0	0	1	0	1	0	0	1	1	1	1	0	1	0	1	0	0	0	0	0	0	0	0	0	0	1	0	1	1	0	0	1	1	1	1	1	1	1	1	0	0	0	0	0	0	0	1	1	0	1	1	1	0	0	0
Prince_Edward_Island	0	0	0	1	1	0	0	1	1	0	0	1	1	1	0	0	0	0	1	1	1	0	0	0	1	0	0	1	0	1	0	0	0	0	1	0	1	0	0	0	1	0	1	1	1	0	0	0	1	0	0	0	0	0	0	0	0	1	0	1	0	0	1	1	1	1	0	1	0	1	0	0	0	0	0	0	0	0	0	0	1	0	1	1	0	0	1	1	1	1	1	1	1	1	0	0	0	0	0	0	0	1	1	0	1	1	1	0	0	0
Quebec	0	0	0	1	1	0	0	1	1	0	0	1	1	1	0	0	0	0	1	1	1	0	0	0	1	0	0	1	0	1	0	0	0	0	1	0	1	0	0	0	1	0	1	1	1	0	0	0	1	0	0	0	0	0	0	0	0	1	0	1	0	0	1	1	1	1	0	1	0	1	0	0	0	0	0	0	0	0	0	0	1	0	1	1	0	0	1	1	1	1	1	1	1	1	0	0	0	0	0	0	0	1	1	0	1	1	1	0	0	0
Rhode_Island	0	0	0	1	1	0	0	1	1	0	0	1	1	1	0	0	0	0	1	1	1	0	0	0	1	0	0	1	0	1	0	0	0	0	1	0	1	0	0	0	1	0	1	1	1	0	0	0	1	0	0	0	0	0	0	0	0	1	0	1	0	0	1	1	1	1	0	1	0	1	0	0	0	0	0	0	0	0	0	0	1	0	1	1	0	0	1	1	1	1	1	1	1	1	0	0	0	0	0	0	0	1	1	0	1	1	1	0	0	0
Russian_Far_East	1	1	1	1	0	1	1	1	1	1	1	1	0	0	1	1	1	1	0	1	0	1	1	1	1	1	1	1	1	1	1	1	1	1	0	1	1	1	1	1	1	1	0	1	0	1	1	1	0	1	1	1	1	1	1	1	1	1	1	1	1	1	1	1	0	0	1	1	1	1	1	1	1	1	1	1	1	1	1	1	0	1	0	1	1	1	1	0	1	1	1	0	1	1	1	1	1	1	1	1	1	1	1	1	0	1	1	1	1	1
Saskatchewan	0	0	0	1	1	0	0	1	1	0	0	1	1	1	0	0	0	0	1	1	1	0	0	0	1	0	0	1	0	1	0	0	0	0	1	0	1	0	0	0	1	0	1	1	1	0	0	0	1	0	0	0	0	0	0	0	0	1	0	1	0	0	1	1	1	1	0	1	0	1	0	0	0	0	0	0	0	0	0	0	1	0	1	1	0	0	1	1	1	1	1	1	1	1	0	0	0	0	0	0	0	1	1	0	1	1	1	0	0	0
Siberia	1	1	1	1	0	1	1	1	1	1	1	1	0	0	1	1	1	1	0	1	0	1	1	1	1	1	1	1	1	1	1	1	1	1	0	1	1	1	1	1	1	1	0	1	0	1	1	1	0	1	1	1	1	1	1	1	1	1	1	1	1	1	1	1	0	0	1	1	1	1	1	1	1	1	1	1	1	1	1	1	0	1	0	1	1	1	1	0	1	1	1	0	1	1	1	1	1	1	1	1	1	1	1	1	0	1	1	1	1	1
South.Central_Pacific	1	1	1	1	1	1	1	0	1	1	1	1	1	1	1	1	1	1	1	1	1	1	1	1	0	1	1	1	1	1	1	1	1	1	1	1	0	1	1	1	1	1	1	1	1	1	1	1	1	1	1	1	1	1	1	1	1	0	1	0	1	1	1	1	1	1	1	1	1	0	1	1	1	1	1	1	1	1	1	1	1	1	1	0	1	1	1	1	1	1	1	1	0	1	1	1	1	1	1	1	1	1	1	1	1	1	1	1	1	1
South_Carolina	0	0	0	1	1	0	0	1	1	0	0	1	1	1	0	0	0	0	1	1	1	0	0	0	1	0	0	1	0	1	0	0	0	0	1	0	1	0	0	0	1	0	1	1	1	0	0	0	1	0	0	0	0	0	0	0	0	1	0	1	0	0	1	1	1	1	0	1	0	1	0	0	0	0	0	0	0	0	0	0	1	0	1	1	0	0	1	1	1	1	1	1	1	1	0	0	0	0	0	0	0	1	1	0	1	1	1	0	0	0
South_Dakota	0	0	0	1	1	0	0	1	1	0	0	1	1	1	0	0	0	0	1	1	1	0	0	0	1	0	0	1	0	1	0	0	0	0	1	0	1	0	0	0	1	0	1	1	1	0	0	0	1	0	0	0	0	0	0	0	0	1	0	1	0	0	1	1	1	1	0	1	0	1	0	0	0	0	0	0	0	0	0	0	1	0	1	1	0	0	1	1	1	1	1	1	1	1	0	0	0	0	0	0	0	1	1	0	1	1	1	0	0	0
South_Tropical_Africa	1	1	1	1	1	1	1	1	1	1	1	1	1	1	1	1	1	1	1	0	1	1	1	1	1	1	1	1	1	1	1	1	1	1	1	1	1	1	1	1	1	1	1	0	1	1	1	1	1	1	1	1	1	1	1	1	1	1	1	1	1	1	1	0	1	1	1	1	1	1	1	1	1	1	1	1	1	1	1	1	1	1	1	1	1	1	0	1	0	1	1	1	1	1	1	1	1	1	1	1	1	0	0	1	1	0	1	1	1	1
Southeastern_Europe	1	1	1	1	0	1	1	1	1	1	1	1	0	0	1	1	1	1	0	1	0	1	1	1	1	1	1	1	1	1	1	1	1	1	0	1	1	1	1	1	1	1	0	1	0	1	1	1	0	1	1	1	1	1	1	1	1	1	1	1	1	1	1	1	0	0	1	1	1	1	1	1	1	1	1	1	1	1	1	1	0	1	0	1	1	1	1	0	1	1	1	0	1	1	1	1	1	1	1	1	1	1	1	1	0	1	1	1	1	1
Southern_Africa	1	1	1	1	1	1	1	1	1	1	1	1	1	1	1	1	1	1	1	0	1	1	1	1	1	1	1	1	1	1	1	1	1	1	1	1	1	1	1	1	1	1	1	0	1	1	1	1	1	1	1	1	1	1	1	1	1	1	1	1	1	1	1	0	1	1	1	1	1	1	1	1	1	1	1	1	1	1	1	1	1	1	1	1	1	1	0	1	0	1	1	1	1	1	1	1	1	1	1	1	1	0	0	1	1	0	1	1	1	1
Southern_Mexico	1	1	1	1	1	1	1	1	0	1	1	0	1	1	1	1	1	1	1	1	1	1	1	1	1	1	1	1	1	1	1	1	1	1	1	1	1	1	1	1	0	1	1	1	1	1	1	1	1	1	1	1	1	1	1	1	1	1	1	1	1	1	1	1	1	1	1	0	1	1	1	1	1	1	1	1	1	1	1	1	1	1	1	1	1	1	1	1	1	0	0	1	1	1	1	1	1	1	1	1	1	1	1	1	1	1	0	1	1	1
Southern_South_America	1	1	1	1	1	1	1	1	0	1	1	0	1	1	1	1	1	1	1	1	1	1	1	1	1	1	1	1	1	1	1	1	1	1	1	1	1	1	1	1	0	1	1	1	1	1	1	1	1	1	1	1	1	1	1	1	1	1	1	1	1	1	1	1	1	1	1	0	1	1	1	1	1	1	1	1	1	1	1	1	1	1	1	1	1	1	1	1	1	0	0	1	1	1	1	1	1	1	1	1	1	1	1	1	1	1	0	1	1	1
Southwestern_Europe	1	1	1	1	0	1	1	1	1	1	1	1	0	0	1	1	1	1	0	1	0	1	1	1	1	1	1	1	1	1	1	1	1	1	0	1	1	1	1	1	1	1	0	1	0	1	1	1	0	1	1	1	1	1	1	1	1	1	1	1	1	1	1	1	0	0	1	1	1	1	1	1	1	1	1	1	1	1	1	1	0	1	0	1	1	1	1	0	1	1	1	0	1	1	1	1	1	1	1	1	1	1	1	1	0	1	1	1	1	1
Southwestern_Pacific	1	1	1	1	1	1	1	0	1	1	1	1	1	1	1	1	1	1	1	1	1	1	1	1	0	1	1	1	1	1	1	1	1	1	1	1	0	1	1	1	1	1	1	1	1	1	1	1	1	1	1	1	1	1	1	1	1	0	1	0	1	1	1	1	1	1	1	1	1	0	1	1	1	1	1	1	1	1	1	1	1	1	1	0	1	1	1	1	1	1	1	1	0	1	1	1	1	1	1	1	1	1	1	1	1	1	1	1	1	1
Subantarctic_Islands	1	1	1	0	1	1	1	1	1	1	1	1	1	1	1	1	1	1	1	1	1	1	1	1	1	1	1	1	1	1	1	1	1	1	1	1	1	1	1	1	1	1	1	1	1	1	1	1	1	1	1	1	1	1	1	1	1	1	1	1	1	1	1	1	1	1	1	1	1	1	1	1	1	1	1	1	1	1	1	1	1	1	1	1	1	1	1	1	1	1	1	1	1	0	1	1	1	1	1	1	1	1	1	1	1	1	1	1	1	1
Subarctic_America	0	0	0	1	1	0	0	1	1	0	0	1	1	1	0	0	0	0	1	1	1	0	0	0	1	0	0	1	0	1	0	0	0	0	1	0	1	0	0	0	1	0	1	1	1	0	0	0	1	0	0	0	0	0	0	0	0	1	0	1	0	0	1	1	1	1	0	1	0	1	0	0	0	0	0	0	0	0	0	0	1	0	1	1	0	0	1	1	1	1	1	1	1	1	0	0	0	0	0	0	0	1	1	0	1	1	1	0	0	0
Tennessee	0	0	0	1	1	0	0	1	1	0	0	1	1	1	0	0	0	0	1	1	1	0	0	0	1	0	0	1	0	1	0	0	0	0	1	0	1	0	0	0	1	0	1	1	1	0	0	0	1	0	0	0	0	0	0	0	0	1	0	1	0	0	1	1	1	1	0	1	0	1	0	0	0	0	0	0	0	0	0	0	1	0	1	1	0	0	1	1	1	1	1	1	1	1	0	0	0	0	0	0	0	1	1	0	1	1	1	0	0	0
Texas	0	0	0	1	1	0	0	1	1	0	0	1	1	1	0	0	0	0	1	1	1	0	0	0	1	0	0	1	0	1	0	0	0	0	1	0	1	0	0	0	1	0	1	1	1	0	0	0	1	0	0	0	0	0	0	0	0	1	0	1	0	0	1	1	1	1	0	1	0	1	0	0	0	0	0	0	0	0	0	0	1	0	1	1	0	0	1	1	1	1	1	1	1	1	0	0	0	0	0	0	0	1	1	0	1	1	1	0	0	0
Utah	0	0	0	1	1	0	0	1	1	0	0	1	1	1	0	0	0	0	1	1	1	0	0	0	1	0	0	1	0	1	0	0	0	0	1	0	1	0	0	0	1	0	1	1	1	0	0	0	1	0	0	0	0	0	0	0	0	1	0	1	0	0	1	1	1	1	0	1	0	1	0	0	0	0	0	0	0	0	0	0	1	0	1	1	0	0	1	1	1	1	1	1	1	1	0	0	0	0	0	0	0	1	1	0	1	1	1	0	0	0
Vermont	0	0	0	1	1	0	0	1	1	0	0	1	1	1	0	0	0	0	1	1	1	0	0	0	1	0	0	1	0	1	0	0	0	0	1	0	1	0	0	0	1	0	1	1	1	0	0	0	1	0	0	0	0	0	0	0	0	1	0	1	0	0	1	1	1	1	0	1	0	1	0	0	0	0	0	0	0	0	0	0	1	0	1	1	0	0	1	1	1	1	1	1	1	1	0	0	0	0	0	0	0	1	1	0	1	1	1	0	0	0
Virginia	0	0	0	1	1	0	0	1	1	0	0	1	1	1	0	0	0	0	1	1	1	0	0	0	1	0	0	1	0	1	0	0	0	0	1	0	1	0	0	0	1	0	1	1	1	0	0	0	1	0	0	0	0	0	0	0	0	1	0	1	0	0	1	1	1	1	0	1	0	1	0	0	0	0	0	0	0	0	0	0	1	0	1	1	0	0	1	1	1	1	1	1	1	1	0	0	0	0	0	0	0	1	1	0	1	1	1	0	0	0
Washington	0	0	0	1	1	0	0	1	1	0	0	1	1	1	0	0	0	0	1	1	1	0	0	0	1	0	0	1	0	1	0	0	0	0	1	0	1	0	0	0	1	0	1	1	1	0	0	0	1	0	0	0	0	0	0	0	0	1	0	1	0	0	1	1	1	1	0	1	0	1	0	0	0	0	0	0	0	0	0	0	1	0	1	1	0	0	1	1	1	1	1	1	1	1	0	0	0	0	0	0	0	1	1	0	1	1	1	0	0	0
West.Central_Tropical_Africa	1	1	1	1	1	1	1	1	1	1	1	1	1	1	1	1	1	1	1	0	1	1	1	1	1	1	1	1	1	1	1	1	1	1	1	1	1	1	1	1	1	1	1	0	1	1	1	1	1	1	1	1	1	1	1	1	1	1	1	1	1	1	1	0	1	1	1	1	1	1	1	1	1	1	1	1	1	1	1	1	1	1	1	1	1	1	0	1	0	1	1	1	1	1	1	1	1	1	1	1	1	0	0	1	1	0	1	1	1	1
West_Tropical_Africa	1	1	1	1	1	1	1	1	1	1	1	1	1	1	1	1	1	1	1	0	1	1	1	1	1	1	1	1	1	1	1	1	1	1	1	1	1	1	1	1	1	1	1	0	1	1	1	1	1	1	1	1	1	1	1	1	1	1	1	1	1	1	1	0	1	1	1	1	1	1	1	1	1	1	1	1	1	1	1	1	1	1	1	1	1	1	0	1	0	1	1	1	1	1	1	1	1	1	1	1	1	0	0	1	1	0	1	1	1	1
West_Virginia	0	0	0	1	1	0	0	1	1	0	0	1	1	1	0	0	0	0	1	1	1	0	0	0	1	0	0	1	0	1	0	0	0	0	1	0	1	0	0	0	1	0	1	1	1	0	0	0	1	0	0	0	0	0	0	0	0	1	0	1	0	0	1	1	1	1	0	1	0	1	0	0	0	0	0	0	0	0	0	0	1	0	1	1	0	0	1	1	1	1	1	1	1	1	0	0	0	0	0	0	0	1	1	0	1	1	1	0	0	0
Western_Asia	1	1	1	1	0	1	1	1	1	1	1	1	0	0	1	1	1	1	0	1	0	1	1	1	1	1	1	1	1	1	1	1	1	1	0	1	1	1	1	1	1	1	0	1	0	1	1	1	0	1	1	1	1	1	1	1	1	1	1	1	1	1	1	1	0	0	1	1	1	1	1	1	1	1	1	1	1	1	1	1	0	1	0	1	1	1	1	0	1	1	1	0	1	1	1	1	1	1	1	1	1	1	1	1	0	1	1	1	1	1
Western_Indian_Ocean	1	1	1	1	1	1	1	1	1	1	1	1	1	1	1	1	1	1	1	0	1	1	1	1	1	1	1	1	1	1	1	1	1	1	1	1	1	1	1	1	1	1	1	0	1	1	1	1	1	1	1	1	1	1	1	1	1	1	1	1	1	1	1	0	1	1	1	1	1	1	1	1	1	1	1	1	1	1	1	1	1	1	1	1	1	1	0	1	0	1	1	1	1	1	1	1	1	1	1	1	1	0	0	1	1	0	1	1	1	1
Western_South_America	1	1	1	1	1	1	1	1	0	1	1	0	1	1	1	1	1	1	1	1	1	1	1	1	1	1	1	1	1	1	1	1	1	1	1	1	1	1	1	1	0	1	1	1	1	1	1	1	1	1	1	1	1	1	1	1	1	1	1	1	1	1	1	1	1	1	1	0	1	1	1	1	1	1	1	1	1	1	1	1	1	1	1	1	1	1	1	1	1	0	0	1	1	1	1	1	1	1	1	1	1	1	1	1	1	1	0	1	1	1
Wisconsin	0	0	0	1	1	0	0	1	1	0	0	1	1	1	0	0	0	0	1	1	1	0	0	0	1	0	0	1	0	1	0	0	0	0	1	0	1	0	0	0	1	0	1	1	1	0	0	0	1	0	0	0	0	0	0	0	0	1	0	1	0	0	1	1	1	1	0	1	0	1	0	0	0	0	0	0	0	0	0	0	1	0	1	1	0	0	1	1	1	1	1	1	1	1	0	0	0	0	0	0	0	1	1	0	1	1	1	0	0	0
Wyoming	0	0	0	1	1	0	0	1	1	0	0	1	1	1	0	0	0	0	1	1	1	0	0	0	1	0	0	1	0	1	0	0	0	0	1	0	1	0	0	0	1	0	1	1	1	0	0	0	1	0	0	0	0	0	0	0	0	1	0	1	0	0	1	1	1	1	0	1	0	1	0	0	0	0	0	0	0	0	0	0	1	0	1	1	0	0	1	1	1	1	1	1	1	1	0	0	0	0	0	0	0	1	1	0	1	1	1	0	0	0
Yukon_Territory	0	0	0	1	1	0	0	1	1	0	0	1	1	1	0	0	0	0	1	1	1	0	0	0	1	0	0	1	0	1	0	0	0	0	1	0	1	0	0	0	1	0	1	1	1	0	0	0	1	0	0	0	0	0	0	0	0	1	0	1	0	0	1	1	1	1	0	1	0	1	0	0	0	0	0	0	0	0	0	0	1	0	1	1	0	0	1	1	1	1	1	1	1	1	0	0	0	0	0	0	0	1	1	0	1	1	1	0	0	0
